a = [2,-3,-1];
b = [0,0,0,0,1,1,1,1;
     0,0,1,1,0,0,1,1;
     0,1,0,1,0,1,0,1];
     
a*b

a*b>-1