# Created by Octave 4.4.1, Mon Jan 07 16:00:23 2019 GMT <unknown@surface-pro>
# name: train_res_mat
# type: matrix
# rows: 10
# columns: 10
 97 0 1 0 0 0 1 0 0 1
 0 114 0 0 0 1 0 0 0 0
 0 0 96 1 0 1 1 0 0 0
 0 0 0 92 0 0 0 0 0 0
 0 0 0 0 104 0 1 0 2 3
 0 1 0 0 0 88 0 0 2 0
 0 0 0 0 1 0 91 0 0 1
 0 0 2 0 0 0 0 117 0 0
 0 0 0 0 0 1 0 0 83 2
 0 1 0 0 0 1 0 0 0 93


# name: train_accuracy
# type: scalar
0.97499999999999998


# name: test_res_mat
# type: matrix
# rows: 10
# columns: 10
 40 0 0 1 1 2 2 0 1 1
 0 67 0 0 0 1 0 0 1 0
 0 0 45 0 0 1 1 3 0 0
 0 0 3 33 1 2 1 2 0 0
 0 0 1 0 46 1 2 1 3 3
 1 0 0 8 0 36 2 0 0 0
 0 0 1 0 1 0 34 0 0 0
 0 0 3 2 0 5 0 41 2 5
 1 0 1 1 0 1 1 0 31 3
 0 0 1 0 6 1 0 2 2 42


# name: test_accuracy
# type: scalar
0.82999999999999996


