# Created by Octave 4.4.1, Fri Jan 11 10:51:14 2019 GMT <unknown@surface-pro>
# name: train_res_mat
# type: matrix
# rows: 10
# columns: 10
 75 0 0 1 2 4 5 1 0 0
 0 67 2 5 9 2 0 3 3 9
 2 0 64 1 0 5 2 10 3 8
 6 6 9 49 7 15 8 14 7 15
 1 2 2 2 54 2 4 6 2 3
 0 1 1 4 2 35 2 0 0 0
 5 6 2 4 7 5 65 0 4 0
 4 1 2 3 2 3 2 60 3 5
 5 5 15 12 8 21 9 8 66 13
 3 9 1 12 5 10 5 10 14 44


# name: train_accuracy
# type: scalar
0.57899999999999996


# name: test_res_mat
# type: matrix
# rows: 10
# columns: 10
 15 0 1 1 1 3 3 1 1 0
 2 21 2 3 3 1 0 1 2 2
 1 2 8 2 0 4 4 4 2 1
 0 2 1 18 0 4 0 2 3 6
 2 0 0 0 16 0 2 0 2 2
 0 1 0 0 1 3 0 1 1 0
 1 0 0 0 4 3 14 0 4 2
 1 2 4 2 2 2 1 4 0 5
 1 1 9 4 3 3 3 2 8 6
 5 3 3 6 3 5 0 2 4 8


# name: test_accuracy
# type: scalar
0.39930555555555558


